parameters:
lambda=100
 rank of factorization=2

 MAIN RESULTS
X
 [[1. 0. 2. 4.]
 [0. 1. 1. 3.]
 [1. 1. 1. 1.]]
Y
 [[2. 0. 1.]
 [0. 2. 3.]
 [0. 1. 1.]]
W
 [[0.0130604 0.0003587]
 [0.0055733 0.0124949]
 [0.0025063 0.0056518]] 
V_x [[1.48e-05 2.30e-05]
 [9.60e-06 1.87e-05]
 [4.50e-06 2.83e-05]] 
V_y
 [[1.11e-05 6.00e-07]
 [4.60e-06 2.55e-05]
 [9.00e-07 5.70e-06]] 
H_x
 [[ 73.8745805   8.1740015 147.0713094 313.051044 ]
 [  1.7850602  92.3486654  36.2116     76.8702106]] 
H_y
 [[1.25519524e+02 1.02235637e+01 7.78572228e+01]
 [2.51000000e-05 1.57699225e+02 1.93803706e+02]] 
targ_func 2.4036742114766296
